vcfID	R1.LN	R3.LN	R6.LN
2	3.742292667	2.266392087	1.997767579
245	3.598833817	2.691018419	2.406340771
469	4.963609033	3.866861427	2.378291103
592	3.871389544	2.873680887	2.068562294
789	4.65631332	3.587844875	2.263179195
908	4.138586909	2.858705845	2.282246628
13B-587-68A	3.722130438	2.435032784	2.092899894
14H-588-68B	3.81262477	3.185277183	2.441410004
197A-381-68A	4.117779051	2.369375362	1.764333228
21-396-68B	4.139617857	3.17630959	1.932038537
34f	4.103022118	2.309259554	2.128294321
442A-431-68D	3.945328176	2.59802388	2.141062805
471_U6	3.905950484	2.774838661	1.972138215
83610b	3.438813886	2.676571092	1.925747706
83612b	3.763324636	2.968921421	2.237093136
A10579	4.123975998	3.129259554	1.998104363
A15	4.115966909	3.201667304	2.561095933
A632_susu	4.368411239	3.491234499	2.282246628
A648	4.074863674	2.285032784	2.33905417
A684su	4.04686939	3.034856801	1.940192774
A685su	3.743636361	2.969963142	1.990171063
A686su	3.718699534	2.73638725	2.02740596
A7	3.794440134	2.843302582	2.179632371
Amarillo_dulce	4.462020953	3.133171182	1.872936164
Andjar_Bekaa	4.311409335	3.12130959	2.263399198
ARZM_16_011	3.920424308	2.970077495	2.252097274
ARZM_19_051	4.193759159	2.869465372	2.258166301
ARZM_19_057	3.764489636	2.919908353	2.521515436
ARZM_19_069	4.001181637	2.988786191	2.254406134
ARZM_20_005	4.154018796	3.585987855	2.01436606
ARZM_20_006	3.79564522	3.281568069	2.407215483
ARZM_21_002	4.061191448	3.491234499	2.131771707
ARZM_21_006	4.115165915	3.329813262	1.986277193
ARZM_21_007	4.097043862	2.872325424	3.018915863
ARZM_21_008	4.459127384	3.177977059	2.127139501
ARZM_21_009	4.659870711	3.051183695	1.906476485
ARZM_21_013	4.008436671	3.450077495	2.201222535
ARZM_21_014	4.046813335	3.082661477	2.206188966
ARZM_21_018	4.189224238	2.439465372	2.315380005
AS11	4.16411238	3.264805235	2.151893579
AS12	4.117193092	3.137061115	3.084309383
Atkinson	3.832556222	3.053138233	2.478319359
Aunt_Marys	3.932611744	3.220113023	2.042025359
B5765	3.977396159	2.969259554	2.333564912
B5870	4.241742712	3.338939561	2.181184812
Baxters_Golden_Bantam	4.21517991	2.968705845	2.203545337
Bi_10	3.798842672	2.641685444	2.138471472
Black_Mexican	3.894304432	3.111392087	2.200136263
C13	4.82131622	3.633248852	2.388042789
C15	3.86389981	3.016392087	2.560271112
C1540	3.833374889	2.102925026	1.61452666
C18	3.915313866	2.765077495	2.188679307
C2	4.004697533	2.612995199	2.251947772
C22	3.839039516	3.29138725	2.484578533
C23_su	3.483350895	3.046747074	2.202900222
C27	3.916263929	2.787331611	2.017427488
C27red	4.175235098	3.491234499	2.282246628
C38	4.447424336	3.246489604	2.400730053
C4	3.936540674	3.150987855	1.94472286
C40	4.182262933	2.979573595	2.266798578
C42	3.892493636	2.496069343	2.329048649
C5	4.522587879	3.302545263	2.396591317
C65	3.974779836	3.053138233	2.570783194
C68	4.162903203	3.453680887	2.196829365
C68Rx552_63	4.169544318	3.10749345	2.593652171
C7	3.733814118	3.143292641	2.38758016
C7e	4.088500674	3.24525712	2.041103858
C81	3.827027647	3.060032784	2.201553751
C8pseudo	4.357509099	2.836234499	2.190823775
C90	3.971985195	3.278437812	2.473463191
Chihuahua_151	4.142782916	3.041827551	2.730850544
Chile_332	3.597565226	2.934259554	2.352983928
Chile_335	3.914122372	3.037007786	2.123043838
CHZM_08_129	4.267103374	3.388921421	2.246492697
CI540	3.827667715	2.776489604	2.243163211
COES25A-1	4.125379968	2.932007786	2.292293888
COES28A-1	4.189572039	3.376685444	2.319691074
COES46A-1	4.30188669	2.614080549	2.390479101
Country_Gentleman	3.780165867	2.639650286	2.142822887
CRC_61	4.515578453	3.999813262	1.996540696
CTS6_1	3.882301804	2.539953358	2.428475179
Cubano	4.368411239	1.745032784	2.187154576
Cuzco_suse	3.909132422	2.798786191	2.304706455
Doce_de_Cuba	4.368411239	3.491234499	2.068573988
Early_Evergreen	4.109863649	2.625392349	2.021828321
EP58	3.67568077	3.101392087	2.336715651
EP62	3.969096942	3.003680887	2.433176014
EP82	4.042220106	3.174908353	2.503636706
EP83	3.750118734	2.762325424	2.197395956
EP84	4.163863142	2.876866993	1.858365843
EP85	3.927099794	2.602007786	2.420724464
Eskisehir	4.387339441	3.289355052	2.299296964
G8	4.066498431	2.920392349	2.024127774
Glancaster_sh2	3.871466937	3.452325424	2.097685245
Golden_Bantam	4.451254343	3.477977059	2.058841459
Golden_Bantam_WI	4.290981603	3.437733119	2.274198482
Golden_Evergreen	4.086208893	3.087331611	1.920844409
Golden_Giant	3.963340319	2.944856801	2.031370191
GSSS_sh2	4.368411239	3.491234499	2.282246628
GTS1	3.915003844	2.737061115	2.136388487
Guanajuato_93	4.368411239	3.464279741	2.036735016
Hawaiian_Sugar	4.368411239	3.491234499	2.282246628
HawaiiSugar	3.993116383	2.908248852	2.494574926
Hayes_White_Sweet	4.13246365	3.306384681	2.409704892
HI70	4.368411239	3.491234499	2.282246628
HI74	4.368411239	3.491234499	2.282246628
HI76	4.368411239	3.491234499	2.282246628
HI78	4.368411239	3.491234499	2.282246628
HI79	3.96531274	3.491234499	2.342450263
HI81	4.368411239	3.491234499	2.282246628
HiBTSYN3	3.602737058	3.464557829	2.508380455
HotevillaAzwhitesweetcorn_1	4.527246426	3.372545263	2.220358277
Howling_Mob	4.06940952	3.201489604	2.028254753
I108-2-2-2-2-1-1-1	4.086437235	2.973786191	1.967980754
I112-1-1-2-1-1-1-	4.137438031	3.094594312	2.084678837
I136-1-1-1-1-1	4.37940829	3.516861427	2.06436922
I152-1-1-1-1-2-1-1	4.086137874	3.708804331	1.993509326
I237-1-2-1-1-1-1-1	4.008330789	3.410041966	1.91206725
I31-1-1-1-2-1-1	3.859072324	2.349355052	2.152628595
I817	4.097446474	3.167844875	2.551486809
I9-1-1-1-1-1-1	4.239066094	2.709881654	2.148943958
I94-1-1-1-1-1-1-1	4.127724357	3.11525712	1.991619094
I97-1-1-1-1-1-1	4.113819893	3.439813262	1.925916542
Ia2003	3.96961701	3.429178066	2.169970143
Ia2076	4.216256265	3.221568069	2.135127078
Ia2730	4.256620055	3.191183695	2.187977229
Ia4189	4.247413768	2.918337921	2.161154081
Ia45_1	3.772397289	2.687061115	2.38540543
Ia45_2	3.93572761	2.586747074	2.247987563
Ia45_3	3.986479421	2.866568069	2.129187398
Ia453sh2	4.368411239	3.491234499	2.282246628
Ia453su1	3.971061484	2.997007786	2.083163502
Ia453WT	4.067496944	2.496492793	2.37451404
Ia5125B	3.815921929	3.113939561	2.291967206
Ia5261	4.007682108	2.776665586	2.44027904
IaEV3004	4.192939716	3.044415307	2.307622273
If825	3.986964816	3.28749345	2.171808878
If853	3.669408614	2.190683661	2.603641804
Il101T	3.77487577	2.461872556	1.808467083
IL103a	4.10323972	3.410441344	2.630178196
IL104g	4.113904409	3.393292641	2.261072585
IL110K	4.046530011	2.491667304	2.223883495
IL112t	4.028393598	2.761628023	2.902809526
IL1171	4.144767577	3.531069343	2.348121051
IL11D	3.921332603	2.136234499	2.056443772
IL124a	4.188498293	2.966063424	2.195464181
IL125a	3.463655811	2.733680887	2.266957199
IL14C	3.898756149	3.233248852	2.168749201
IL14H	4.131220588	3.136827551	2.424764598
IL18b	3.601570887	3.156492793	2.055279912
IL200e	3.9972293	2.762661477	2.311397948
IL21f	4.165402625	2.656373947	2.206401661
IL279AxRp1d	4.118347507	2.906373947	2.218066276
IL27a	3.999185574	2.918138233	2.277677386
IL303b	4.274592157	2.410441344	2.558135263
IL318a	3.638489356	2.376667304	2.20643715
IL31a	4.010207161	2.549465372	2.275216294
IL325a	3.965090463	2.804178066	2.442630822
IL328a	3.956922341	3.08302388	2.289946999
IL354a	3.679413355	2.814512824	2.483445225
IL366a	3.851768706	2.630683661	2.233330232
IL368a	3.855012272	2.991885133	2.591529677
IL369b	3.902077009	2.583292641	2.048467109
IL370a	4.12517226	2.169465372	2.174816819
IL393a	3.495089185	2.862661477	2.346522182
IL395a	3.682607427	2.366665586	2.195277319
IL430a	4.002284192	3.185077495	2.085198468
IL437a	4.010984825	2.754881654	2.311709235
IL442a	4.34829231	2.039178066	2.361575546
IL44b	4.049354204	3.234355052	1.901227169
IL451b	3.869916097	2.688705845	2.328999768
IL453b	3.790026293	2.733328922	2.569371672
IL454a	4.161146405	3.384953358	2.771528615
IL465a	4.352844425	3.480890338	2.094967258
IL47A	3.642332025	2.803328922	2.102502355
IL515a	3.777631528	2.906392087	2.521486859
IL543c	4.177445725	2.439639317	2.030378587
IL545	4.127042833	2.792661477	2.458631667
IL557a	4.217110877	3.173337921	2.540331
IL607a	4.047867517	2.783171182	2.172456892
IL611a	3.971620687	2.961628023	2.406757651
IL615a	4.387043153	3.193939561	2.102624987
IL648	3.550971385	3.2845502	2.578621511
IL661a	3.837956235	2.859784137	2.453960331
IL671a	3.937539942	2.986665586	3.179942223
IL673a	3.962104969	3.152977059	2.048420309
IL676a	3.767433566	2.794573595	2.183443138
IL677a	4.433709643	3.611665586	2.25507095
IL678a	3.923609196	2.75525712	2.129008408
IL689a	3.96171472	3.019465372	2.145014709
IL692c	4.011806289	3.076827551	2.274437087
IL696a	3.693724267	3.04525712	1.800680391
IL699e	3.806456124	2.579178066	2.448312248
IL7	3.738377243	3.156571092	2.089870723
IL707a	4.050989669	3.241885133	2.431568455
IL713a	4.003957061	2.504963142	2.239694638
IL729a	4.308126334	3.264115543	2.90657225
IL731a	3.645231175	3.104838661	2.245667896
IL733a	3.958605354	3.000683661	2.112220931
IL744a	3.767228381	2.854447988	2.226814076
IL747b	4.174562043	3.129838661	2.515653239
IL751a	3.463543524	1.741373947	2.308429356
IL757b	4.295512521	3.491234499	2.110969031
IL761a	4.368411239	3.491234499	2.282246628
IL764b	3.900930463	2.977942392	2.466697806
IL765a	3.80017697	2.939375362	2.275895349
IL766a	3.647904413	2.763980314	2.212131756
IL767b	3.791797262	2.874178066	2.209433254
IL772a	3.626635177	2.911685444	2.12236649
IL773a	3.947847541	2.862196382	2.283779622
IL776a	4.368411239	3.460041966	2.282246628
IL777a	3.925201574	2.189708664	2.243470954
IL778c	4.368411239	3.491234499	2.282246628
IL778d	3.784747158	2.961489604	2.298721662
IL788a	3.854029208	2.789573595	1.871917125
IL789b	3.76221162	2.403804331	2.265233378
IL793a	4.535826316	3.607196382	2.20890857
IL794a	4.361149719	3.139080549	1.927128288
IL795a	4.101574792	3.042325424	2.506480516
IL796a	3.861430036	3.156571092	2.421956974
IL797a	3.681467953	2.896384681	1.573322007
IL798c	4.181098146	1.862661477	2.480655943
IL799b	4.368411239	3.491234499	1.769735805
IL801a	4.099120081	2.901392087	2.539907066
IL802b_Ht2	4.112417653	3.086234499	2.005427845
IL803a	3.870048024	2.967880021	2.267830365
IL804aHTN	3.972345137	3.309465372	2.564161271
IL86e	4.041801931	2.554259554	2.433369913
IL91j	3.871208476	3.034708664	2.329284245
ILB5765	3.612657557	2.914594312	2.3515272
ILB5870	3.956096047	2.797331611	2.360086883
ILB6011	4.580248747	3.549355052	2.378596442
Ill101Q	4.306295457	3.386866993	2.660994144
IP39	3.480644244	2.276872556	1.906100395
Jubileeex9017	4.428719594	3.546552952	1.991762566
K104-1	3.678581547	2.810441344	2.068324289
K1-1-1-1-1-1-2-1-1-1	4.281847482	3.62802388	2.38361635
K115-11-1-1-1-1-1-1B-1	3.513016951	2.498786191	1.760295777
K127-1-1-1-2-1-1-1-1	3.974388953	2.971183695	2.196912011
K192-1-1-1-1-1-1-1	3.98860824	3.228171182	2.422912845
K88-2-1(x4)-2-1	4.368411239	3.491234499	2.282246628
L125-1-1-1	3.854755547	2.879880021	1.955835889
Late_Mammoth	3.995553364	3.150113023	1.910730948
Luther_Hill	4.227180175	3.153292641	2.046117006
M5	3.977353206	2.732995199	1.998168958
M822	3.858024668	2.771571092	2.328725632
Ma2402	4.209980053	3.653437812	1.852224051
Ma32	3.990562966	3.299465372	2.225188042
Ma401	3.95219151	2.32025712	1.715203418
Ma5125	3.794916821	2.243292641	2.271677905
Maiz_Amarilla_Evergreen	4.251773319	2.903980314	2.21051432
MDM_1	3.964356921	2.935443385	2.354404996
MDM_15	3.893592199	2.459557829	2.211827925
MDM_16	3.830723315	3.257880021	2.332606473
MDM_18	3.936743694	3.296827551	2.467857853
MDM_19	4.005896106	2.856471464	2.402947793
MDM_2	3.776876454	2.802331611	1.873389487
MDM_20	4.285623339	3.104856801	2.317522566
MDM_21	3.915409349	3.602325424	1.714493445
MDM_23	3.812638316	3.028980314	2.229508492
MDM_6	3.736253879	2.110113023	2.189604087
MDM_8	3.740385399	2.419573595	2.108926288
MDM_9	3.967543456	3.407995199	2.096179345
MDM-5	3.904995691	2.667331611	2.235138702
Me1	4.41740214	3.636872556	2.322163578
Me121_wb	3.866110521	2.81025712	1.981788483
Me123	4.325080639	3.238302582	2.282246628
Me135	4.212618346	2.992977059	2.213757392
Me244Wa	3.830015126	2.56638725	2.313692225
Me244Wb	3.973063865	2.916383384	2.652300584
Mexican_Dent_sh2	4.168404672	3.536571092	2.076486344
Millersburg_Red_Sweet_No2	4.126225681	3.454573595	2.334536495
MR10	4.29731106	3.170890338	2.779930413
MR14	4.352072128	3.10749345	2.397533777
MSR_su	4.084084528	2.792661477	2.414860657
N12A-1	4.244047155	3.130987855	2.463223105
N142A-1	3.773108408	2.379455252	2.229278857
N45A-1	4.446060623	3.041069343	2.622531962
N46A-1	3.664953277	2.632661477	1.92579192
N72A-1	3.830262109	2.853302582	1.977694255
N7C-1	4.155650033	2.995277183	2.204958966
NE_EDR_sh2	4.246144297	3.491234499	2.282246628
NE_HY_13A	4.098381926	3.149594312	1.817955729
NE_HY_13b	3.936137013	3.00302388	2.272203793
NJ112	4.114032892	2.684460312	2.234177773
NJ116Wa	3.905629325	2.71302388	2.200345393
NJ116Wb	3.949181222	2.727545263	2.32328629
NJ159	4.103294531	3.504512824	2.462490902
NJ618	4.164519814	2.916552952	2.041001355
No_156	4.054618751	2.512325424	3.104028856
North_Dakota_Yellow_Sweet_Bulk	4.007725424	3.249375362	2.282246628
OH43_sh2	3.744526753	2.946384681	2.169716303
Oh43_su	4.368411239	2.859455252	2.53865723
Olcott	4.000116341	3.203328922	2.257116555
Oregon_Evergreen-2	3.824081286	3.096861427	2.155692528
P35	3.952607458	3.404415307	2.1818575
P39	4.012752062	3.038248852	1.917147984
P39Goodman-Buckler	4.256996171	3.270277183	2.491934883
P39M96	3.995135232	2.939465372	2.609787574
P39xRp1d	3.853408208	2.826861427	2.095976801
P51	4.193515086	2.868437812	1.881560189
P51xRp1d	4.162959512	3.474460312	2.501333434
P737M20	4.368411239	3.491234499	2.282246628
PAIA_453	3.654736305	2.369460312	2.197133686
Pease_Crosby_Sweet_Corn	4.579863864	3.286667304	2.37461632
R839	4.215314215	2.331471464	2.195121824
R851	3.87277558	2.363939561	2.324467141
R853	3.832647372	2.518248852	2.435936212
Ranniaya_Zolotaya_401	4.239908984	3.279856801	2.079038287
Raza_Maiz_Dulce	3.97870986	2.659650286	2.167957941
Red_NCLB	4.135565281	2.992325424	2.401466939
S4	3.994113382	2.895987855	2.269689808
S43	4.150486921	2.987331611	2.111806345
SC1441	3.811684792	2.748171182	2.298577593
SC6069	4.310500106	2.878980314	1.963238433
SD176	4.138032525	3.627196382	1.866440898
SD226	4.107871358	3.445277183	2.306983417
SD277	4.195212774	3.082844875	2.598554828
SD42	4.090947288	2.844908353	2.301842029
SD469	4.524961805	3.254415307	2.385909834
SD592	4.148063735	3.139512824	2.452110358
SD789	4.371625194	3.672925026	2.947294724
SD829	4.063973642	2.881568069	2.356659335
SD883	3.936407378	3.119881654	2.521930662
SD884	4.036014743	2.721471464	2.352084327
SD908	4.154779074	3.087545263	2.125764308
SD909	4.130164733	2.583328922	2.231330765
Separation_from_170882	4.380380029	3.434080549	2.442390681
Separation_from_177107	4.039356364	3.016492793	2.399019318
Separation_from_177589	3.999374203	3.334753669	2.442279783
Separation_from_177642	3.901892407	3.6645502	1.866231052
Separation_from_183739	3.840253587	3.024708664	2.047031954
Separation_from_183742	3.989643048	3.344178066	2.310004929
Separation_from_204812	4.146881296	3.099963142	2.516500936
Separation_from_212335	4.044888879	3.290441344	2.327395442
Silver_9	4.099675314	2.827942392	2.20805304
Slatka_Pukanka	4.018950349	3.278437812	1.613179386
Sonora_108	3.640018489	2.731827551	2.444977479
Sonora_124	3.511378556	3.121018419	2.068687192
Sonora_22	4.01989513	3.103328922	2.300160303
Stowels_Evergreen	4.141295233	3.225277183	2.035970802
Strain_T32_397_68r	4.281704514	3.242925026	2.720295872
STRAIN11D-586-68A	4.052398721	2.425277183	2.430262476
STRAIN18B-5-69	3.855448912	2.819881654	2.371461102
STRAIN304A-408-68B	3.815154594	3.294573595	2.251947549
STRAIN451B-4-68B	3.765020577	2.748437812	2.058349851
STRAIN675A-415-68B	3.702981478	2.454512824	1.946300945
STRAINT20-2-68B	3.896608212	2.900392349	2.81750747
STRAINT24-395-68B	3.947554336	3.049708664	2.485546923
STRAINT32-397-68B	4.274350273	2.516552952	2.201979214
STRAINT33-399-68B	3.873224054	3.201471464	2.2746849
STRAINT35-388-68A	4.129872857	3.358138233	1.85851417
Sunshine	4.263888035	3.463337921	2.367281351
SYN2sh2	4.037813223	3.599465372	2.409540427
T-24-56-ILL	3.908542141	3.054639317	2.244139721
T625	3.761873631	2.703302582	2.305938057
T64S	3.862440684	2.716069343	2.236317497
Tawaktci	4.005695361	3.199465372	2.282246628
Tesuque_Pueblo	3.988131158	3.069963142	2.217572048
UFI2EDbt1-1	3.834551041	3.206665586	2.239444721
UFI9EC	4.232637921	3.070032784	2.105767408
V781	4.458772685	4.114115543	1.985005181
VIA5492	4.092010609	3.553328922	2.073674312
Vineland576	3.926905499	3.276018419	2.150698316
W3647	3.98876942	2.805890338	2.298979982
W3722	4.330826402	3.733337921	2.395531291
W3742	3.898306498	3.118337921	1.969019727
W5543	4.218706651	3.376685444	1.657019541
W5552	3.988170275	3.084557829	1.721208752
W5579	3.831757301	2.684447988	1.774468444
W6366	4.2454298	3.071489604	1.972248146
W6462	3.904030711	2.664881654	2.214720934
W64A	4.152657385	3.049465372	2.38109642
W6714	3.866458567	3.159455252	2.729773075
W6720_2	4.241561369	3.376866993	2.349865075
W6720-1	4.089663446	2.821866993	2.165501547
W6728	3.855721796	3.236183695	2.504040183
W6757	3.857923243	2.857925026	1.972742822
W6786	3.925892925	2.675683661	2.45755121
W7151	4.204860824	3.599838661	2.179761928
W85	4.443397215	3.475392349	2.395855412
We01407	3.837324981	3.639908353	2.517904167
We02404	4.05855068	3.539708664	2.090493531
We02412	4.253892864	3.1445502	2.226988853
We03418a	4.325646293	3.238980314	1.734256516
We04401	4.038412703	3.199455252	1.942876864
we04806	4.341062027	3.392880021	2.266267949
we04819	4.079576609	3.21749345	1.964115125
we05407	4.530926634	3.429373906	2.282246628
we05410	4.090314265	3.641018419	2.157331983
We06409a	4.320911792	3.319813262	2.344164415
we07403a	4.552671651	3.771568069	2.120965422
we08405	4.274349792	3.787880021	2.18677795
we08408	4.395398304	3.499373906	2.384203472
we08417a	3.844309496	3.087844875	2.492888813
we08424	4.161839777	3.144279741	2.303406384
we09402	4.513273753	3.562925026	2.421105683
we09413	4.211100613	3.259573595	2.192682836
we09425	4.098146853	3.196063424	2.194588618
we10401	3.749525388	3.019375362	2.313818749
we1095407-2	4.161076488	3.491234499	2.056274122
we11408	3.623684408	3.369881654	2.190866005
we11416	4.031021258	2.793921421	2.129864367
we12401	3.85160279	3.277942392	2.403021
West_Brookfield_white_sweet	4.100238886	2.964753669	2.220383964
Wh00033	4.198955734	3.523337921	2.348898161
Wh00050	4.165752712	2.33025712	2.056239942
Wh00051	4.273730709	3.211872556	2.361264024
Wh01001	4.301206458	3.26138725	1.648388944
wh03031	3.995809179	3.104557829	2.01459421
wh04020a	4.300997719	3.443921421	2.006494816
wh04036VW	3.885613525	3.099639317	2.285477993
wh05032a1	3.942435927	2.922977059	2.134329405
wh05051	3.800541992	3.533337921	2.546757283
wh05066a	4.166115327	3.669813262	2.0647255
wh05070a	3.875347109	2.741492793	2.411899034
wh07013	4.002409811	2.760113023	2.498573852
wh07020a	3.90674102	3.829455252	1.681468107
wh07029	4.135943569	3.001665586	2.278339512
wh07051	4.335216773	2.869115543	1.074722595
wh07061a	4.057508572	2.441685444	2.18246582
wh07061b	4.209880084	3.264708664	2.368165407
wh07165R	4.120735462	3.18630959	2.035055948
wh07166R	4.091798212	3.463292641	2.349195928
wh08022	4.1472208	4.216234499	2.056899348
wh08039	3.856759342	2.682325424	2.457440698
wh08042	4.166999284	3.139813262	2.121904868
wh08045	4.456863991	3.238804331	2.084884475
wh08092	4.011952444	2.733292641	2.277378625
wh08114	3.803925989	2.929594312	1.84685609
wh09009	4.335706718	2.828921421	2.127088421
wh09033	3.687805102	2.912545263	1.997909506
wh09068	4.287060807	3.199813262	2.088077568
wh09083	4.019200468	2.728786191	2.027412032
wh09086	4.311504287	3.106962781	2.382877098
wh09117R	4.368411239	3.491234499	2.282246628
wh09126R	4.074157806	3.077925026	2.021005761
wh09137R	4.117230031	3.294838661	2.281535019
wh09141R	3.888581471	2.990041966	2.087942696
wh10006R	4.362342895	3.209708664	2.672480121
wh10034R	4.353117097	3.409753669	2.218362942
wh10035R	4.48101939	3.682007786	2.536539294
wh10040R	4.283977603	3.491234499	2.323543822
wh10046R	3.969861426	3.119460312	2.403408982
wh10049R	3.933936312	3.051665586	2.212098485
wh10052Ra	4.359363021	3.364279741	2.392940068
wh10057R	3.961557778	3.319178066	1.962413729
wh10062R	4.214384748	3.551962781	2.241919808
wh10067R	4.209218962	2.659908353	2.320063867
wh10068R	4.266213901	3.394447988	2.113527389
wh10070R	3.82609152	3.183921421	2.881105513
wh10080	3.839565669	3.491234499	2.282246628
wh10088R	4.143952504	3.458302582	2.073864716
wh10090R	3.484689922	2.705683661	1.806975455
wh10105R	4.028045524	2.739375362	2.161736523
wh10113R	3.90367502	3.016872556	2.091802524
wh10117R	4.186548357	2.327942392	2.663554737
wh10127R	4.001013171	3.11025712	2.107056227
wh10135R	3.723145437	2.708248852	2.360405264
wh10137R	4.186881108	2.739178066	2.170698135
wh10140R	4.149243807	3.863328922	2.151761618
wh10163	4.368411239	2.766234499	2.282246628
wh10173V	3.721526138	2.694753669	2.345796182
wh10216V	3.69056431	2.941183695	2.277934505
wh10231V	3.698390045	1.673292641	2.441150189
wh11001	3.646613167	3.005032784	2.371089982
wh11005	4.113992331	3.472661477	2.282246628
wh11008	4.253544349	2.589784137	2.410743408
wh11017a	3.915729354	2.434080549	2.278916914
wh12001	4.012787819	2.909594312	2.251947699
wh12004	4.306181627	3.614415307	2.318930828
wh12005	3.754468961	2.801861427	2.242300914
wh12008	4.013218202	2.555890338	2.607641218
wh12014	3.979444646	2.94802388	2.563187923
wh12048V	3.869656063	3.287196382	2.018852116
wh13022A	4.172422648	2.746373947	2.440876685
wh13037	3.982739016	2.071373947	2.421996086
wh13040	3.7197151	2.732661477	2.070790295
wh13041	3.907025404	2.932196382	2.130312172
wh13048	3.838764402	2.567880021	1.941836118
wh13053	3.970342767	3.324953358	2.739662504
wh13063A	3.796873115	2.723786191	1.974801522
wh13064	3.627113941	2.361747074	1.953987173
wh13070	4.160947255	3.243328922	1.969894114
wh13074A	3.97096121	2.679594312	2.331277809
Wh14022A	4.368411239	3.491234499	2.282246628
Wh14100V	3.947751298	2.509460312	2.222786815
Wh14201N	4.149135927	3.107942392	2.341102693
wh92047	3.698428826	2.913248852	2.397634836
Wh9261	4.250434505	3.451383384	2.29848846
Wh93016	3.842986025	3.019465372	2.196242828
Wh95016a	4.331087784	3.571685444	2.175375869
Wh96011	3.963001357	2.493292641	1.994842505
Wh96034	3.814436135	3.073328922	2.370659404
Wh98044	3.96369025	3.072844875	1.996706697
Wh98063	4.369731167	3.302325424	1.345650817
Whipples_White	4.010912637	3.088939561	2.08813704
Whipples_Yellow	4.410486403	3.519650286	2.146217333
Wu00801	3.677947374	2.639813262	1.886563474
wu07812	4.153086975	3.097804285	2.428639568
wu10802R	3.860811395	3.463171182	2.51380008
wu10804R	3.71701193	2.458980314	2.566354765
Wu99811	3.944377054	2.632844875	2.344249697
Wu99823	3.932117882	2.346234499	1.481376103
wuh07177i	4.008397875	2.640113023	2.150721492
wuh07182i	4.321302065	3.35249345	1.935302194
wuh07186i	3.943498819	2.589465372	2.036548274
wuh07422i	4.146418589	2.719650286	2.30550822
wuh07428i	4.421586626	3.689813262	2.00546043
wuh07429i	4.1838412	3.114908353	2.128350778
wuh07469i	4.291996207	3.023980314	1.93404586
wuh07481i	4.122033795	3.458804331	2.264199474
wuh07492i	4.242553077	3.199259554	2.101332883
wuh08127ia	3.77670869	2.926183695	2.162912563
wuh09093i	4.269153325	3.710890338	2.417020611
wuh09097i	3.951311829	3.491234499	2.282246628
wuh09098i	4.294183598	3.181861427	2.191363251
wuh09144i	3.996984726	3.016861427	2.344843893
wuh09149i	3.828273687	2.900041966	2.443820438
wuh09150i	4.129389332	3.351628023	1.942303827
wuh09153i	3.906524838	2.748804331	1.977779221
wuh09164i	4.180988205	3.299455252	2.296778319
wuh09170i	4.084869173	3.491234499	2.353059451
wuh09174i	4.053671002	3.258138233	1.981841332
wuh09183i	4.246417788	3.026489604	1.983275159
wuh09191i	4.080921814	3.116063424	2.10704996
wuh11801i	4.184551831	3.219557829	2.275115243
wuh11809i	4.368411239	3.491234499	2.282246628
wuh11810i	3.977333315	3.196552952	2.610808586
wuh11811i	4.127111106	3.504415307	2.551690667
wuh11812i	4.189826397	2.823292641	2.36028681
wuh11813i	4.009582394	3.159784137	2.15006143
wuh11816i	4.368411239	3.491234499	2.282246628
wuh12018i	3.949250081	2.941571092	2.301975473
wuh12019i	4.10991971	3.140890338	2.149683211
wuh12020i	4.232375918	3.491234499	2.386045968
wuh12027i	3.981502696	2.994512824	2.062488254
wuh12035i	4.205156999	3.196628023	2.593252503
wuh12037i	4.254075618	3.213302582	2.443443379
wuh12039i	4.250936039	3.319115543	2.042868453
wuh98032	3.971826825	3.491234499	2.282246628
WVG3	3.999801416	3.065987855	2.249283385
Z07_001	4.112927432	2.946866993	2.610062303
Z07_002	4.368411239	3.491234499	2.282246628
ZapaloteChico	3.805596723	2.681827551	2.243015353
Zarya123	4.565525456	3.379953358	2.306479477
